0 
0 
0 
1.02778 
2.05898 
3.07013 
3.97488 
5.00586 
5.82837 
6.95709 
7.82037 
8.8791 
10.0983 
11.0017 
11.8713 
12.7647 
13.7651 
14.9682 
16.1435 
17.1741 
18.1825 
19.0732 
20.2378 
21.2713 
22.194 
23.3373 
24.3976 
25.3831 
26.4725 
27.4322 
28.8437 
29.9076 
30.9151 
31.9412 
33.0817 
34.3382 
35.0969 
35.7408 
36.9192 
37.6441 
38.1036 
39.1785 
40.5984 
41.343 
42.6784 
43.9544 
44.8151 
45.8719 
46.7958 
47.5262 
48.3887 
49.4561 
49.9068 
50.841 
51.4447 
52.2426 
53.253 
54.1843 
55.4278 
56.2839 
57.4776 
58.5394 
59.2544 
59.8418 
60.9706 
61.9034 
62.7013 
63.5931 
64.5182 
65.3891 
66.5799 
67.9407 
69.0885 
70.3281 
71.346 
72.5427 
73.1956 
73.9786 
74.9421 
75.8369 
76.7599 
77.3645 
78.3898 
78.7431 
80.6247 
81.6037 
82.795 
83.9306 
85.3598 
86.7901 
88.0427 
88.8208 
89.5213 
90.28 
91.241 
92.5556 
94.1831 
95.1465 
96.4806 
97.8474 
98.9464 
99.8969 
100.98 
102.06 
102.761 
103.526 
104.63 
105.856 
106.728 
107.843 
109.016 
110.002 
110.305 
111.298 
111.768 
112.836 
114.062 
115.87 
116.709 
117.329 
118.892 
119.679 
120.338 
122.047 
122.234 
123.462 
124.373 
124.669 
126.017 
126.992 
129.089 
129.485 
130.51 
132 
132.211 
133.612 
134.662 
136.453 
137.921 
139.033 
140.24 
141.914 
142.019 
143.026 
144.498 
145.134 
146.48 
147.595 
148.483 
149.592 
150.157 
151.292 
152.947 
154.2 
155.291 
156.621 
157.495 
159.159 
160.273 
161.056 
161.418 
162.921 
164.246 
165.259 
165.753 
166.089 
166.128 
167.374 
168.517 
170.596 
171.521 
172.793 
174.056 
174.835 
176.07 
176.686 
178.021 
179.751 
181.386 
182.557 
183.863 
185.875 
186.547 
186.847 
187.739 
188.66 
190.167 
190.687 
191.569 
192.503 
193.38 
193.285 
194.032 
194.956 
195.722 
196.63 
198.227 
199.781 
200.903 
202.338 
203.071 
203.505 
204.82 
204.968 
205.244 
206.192 
206.83 
207.328 
208.364 
209.797 
210.723 
212.025 
213.354 
214.072 
215.376 
216.538 
217.795 
218.917 
220.329 
221.279 
222.153 
222.697 
222.933 
223.388 
223.466 
224.127 
225.285 
226.651 
227.708 
228.079 
229.473 
230.608 
231.559 
232.737 
232.811 
234.153 
234.767 
235.688 
237.04 
238.234 
239.281 
239.661 
240.976 
242.632 
244.069 
244.865 
245.617 
247.385 
248.672 
249.563 
250.226 
250.995 
252.033 
252.512 
253.478 
254.886 
255.125 
256.295 
257.783 
259.121 
260.363 
259.905 
261.132 
261.977 
262.437 
263.371 
263.379 
263.953 
264.913 
264.458 
264.894 
266.484 
267.534 
268.941 
269.463 
269.651 
271.974 
273.933 
274.738 
276.016 
277.323 
278.299 
280.154 
282.041 
282.114 
283.043 
284.523 
285.529 
286.712 
287.632 
288.184 
289.578 
290.009 
291.532 
292.41 
293.923 
295.308 
297.306 
300.038 
301.454 
302.197 
305.09 
306.859 
308.35 
309.063 
309.215 
308.64 
308.958 
309.735 
310.948 
312.358 
313.134 
314.905 
315.879 
317.012 
316.936 
318.157 
318.749 
319.72 
321.684 
322.72 
324 
325.337 
325.64 
327.25 
329.113 
331.603 
332.87 
334.583 
336.418 
336.987 
337.751 
338.131 
337.283 
338.095 
339.284 
340.98 
341.762 
341.79 
341.678 
343.429 
343.886 
345.069 
345.138 
346.808 
348.097 
350.048 
351.764 
352.823 
354.166 
354.76 
355.847 
356.74 
358.598 
358.238 
358.985 
359.924 
360.627 
362.886 
364.762 
366.167 
366.325 
366.726 
368.579 
370.163 
371.204 
371.952 
372.608 
372.913 
373.621 
375.081 
376.75 
378.171 
378.706 
379.175 
380.867 
381.275 
383.04 
384.542 
386.581 
387.676 
389.145 
391.508 
393.249 
395.57 
395.436 
395.869 
397.204 
399.204 
400.657 
401.517 
402.783 
403.473 
403.348 
403.862 
404.476 
405.352 
407.698 
408.677 
408.897 
410.61 
411.16 
410.567 
411.942 
411.944 
412.507 
412.582 
413.914 
415.264 
415.856 
415.723 
416.012 
416.84 
417.292 
417.952 
420.081 
422.152 
423.375 
424.687 
426.592 
428.52 
429.607 
430.97 
432.121 
432.072 
432.604 
433.952 
434.386 
435.411 
437.259 
437.709 
437.483 
438.209 
438.077 
439.524 
440.21 
440.931 
442.544 
444.336 
445.6 
447.944 
449.351 
449.529 
449.814 
452.009 
451.104 
452.541 
453.826 
455.77 
457.348 
458.747 
459.987 
460.793 
460.994 
460.732 
460.706 
461.901 
461.93 
463.206 
464.67 
466.172 
466.079 
467.144 
468.457 
469.485 
470.602 
471.626 
473.193 
474.728 
476.718 
478.493 
479.22 
479.79 
480.668 
482.838 
482.722 
483.499 
483.805 
485.537 
485.899 
486.263 
487.262 
487.588 
488.921 
490.376 
492.146 
493.258 
495.349 
496.572 
498.864 
499.213 
497.399 
498.744 
499.053 
500.408 
500.83 
501.796 
504.308 
506.937 
510.279 
509.732 
510.801 
513.198 
514.082 
514.349 
514.596 
516.347 
516.369 
517.441 
518.192 
520.743 
521.902 
521.799 
523.011 
523.247 
524.821 
525.396 
527.016 
528.322 
528.564 
529.115 
529.629 
530.208 
529.85 
531.015 
531.239 
532.528 
534.042 
534.533 
536.438 
537.89 
537.621 
538.43 
539.654 
540.679 
543.149 
544.801 
545.826 
546.643 
547.201 
548.101 
550.185 
552.573 
552.436 
554.675 
555.407 
555.059 
554.84 
555.823 
556.253 
556.531 
555.825 
557.12 
557.883 
559.149 
560.396 
561.73 
561.645 
562.094 
562.996 
564.334 
565.91 
566.472 
567.1 
569.648 
571.58 
573.69 
574.091 
573.362 
574.221 
574.764 
576.102 
577.082 
578.511 
580.033 
579.965 
582.465 
584.187 
584.332 
587.13 
588.158 
589.568 
592.624 
594.492 
594.526 
594.523 
595.904 
597.369 
598.607 
599.493 
600.378 
600.78 
601.6 
602.996 
602.983 
604.425 
606.013 
606.86 
607.433 
608.847 
608.199 
609.548 
610.924 
609.068 
609.595 
610.963 
610.584 
611.213 
611.988 
612.514 
612.903 
614.786 
618.4 
619.142 
619.38 
621.33 
621.853 
623.23 
624.749 
626.401 
626.128 
627.411 
627.208 
628.117 
629.661 
629.78 
630.188 
630.81 
631.745 
630.361 
631.305 
633.578 
635.841 
635.917 
635.459 
636.466 
636.517 
638.874 
638.157 
637.726 
638.392 
640.33 
641.957 
642.2 
643.832 
644.648 
646.049 
646.579 
649.809 
648.417 
650.258 
649.021 
650.516 
652.202 
653.498 
655.906 
657.058 
659.982 
661.02 
661.054 
662.173 
661.834 
664.006 
665.243 
665.443 
664.422 
665.559 
667.771 
667.607 
667.309 
668.958 
670.931 
671.11 
672.383 
673.889 
674.273 
675.376 
675.702 
674.469 
674.083 
676.441 
677.908 
678.897 
679.389 
680.336 
681.318 
683.082 
685.114 
686.739 
687.988 
689.137 
690.109 
691.212 
691.684 
693.189 
694.033 
694.623 
695.789 
697.043 
698.061 
698.851 
700.091 
700.355 
701.754 
703.429 
704.06 
705.858 
704.941 
705.267 
705.486 
708.313 
707.041 
707.294 
706.887 
706.795 
708.352 
708.776 
710.398 
710.477 
710.405 
710.341 
710.468 
711.363 
712.393 
712.315 
714.779 
716.184 
716.962 
717.978 
719.686 
719.377 
719.712 
722.439 
722.652 
723.14 
723.863 
724.982 
726.409 
727.167 
727.943 
730.755 
730.32 
730.794 
732.555 
733.487 
734.778 
734.706 
735.762 
736.335 
737.985 
739.227 
740.987 
743.542 
744.764 
744.057 
746.484 
748.425 
749.72 
750.928 
750.799 
752.1 
754.219 
755.38 
756.337 
759.209 
761.563 
761.637 
761.52 
761.506 
762.52 
763.116 
763.289 
765.417 
767.414 
770.377 
770.811 
771.687 
771.982 
772.37 
774.874 
776.587 
776.648 
778.662 
780.049 
780.965 
782.839 
782.84 
783.755 
785.078 
786.561 
785.961 
787.038 
787.909 
788.671 
789.649 
789.55 
790.208 
790.717 
790.892 
792.819 
793.692 
794.846 
795.297 
796.408 
797.837 
799.66 
802.406 
805.708 
805.794 
805.048 
807.587 
809.238 
810.439 
811.318 
811.565 
813.393 
813.163 
815.573 
815.824 
816.023 
815.23 
815.698 
817.192 
818.907 
821.42 
822.111 
824.506 
826.569 
828.879 
829.941 
830.866 
832.844 
833.772 
836.006 
835.436 
836.136 
836.177 
837.102 
839.473 
839.641 
841.355 
841.709 
842.429 
841.44 
843.878 
845.919 
847.849 
846.881 
847.652 
847.469 
847.746 
847.954 
848.575 
852.238 
853.173 
854.481 
855.628 
856.187 
857.172 
856.667 
857.908 
858.674 
859.89 
860.929 
860.818 
862.115 
863.555 
864.886 
866.818 
866.519 
865.824 
867.574 
867.915 
869.728 
870.497 
871.523 
873.596 
874.436 
876.624 
877.372 
877.327 
876.147 
878.187 
879.236 
879.603 
880.827 
882.419 
882.935 
883.82 
884.38 
886.318 
887.428 
887.692 
889.924 
889.747 
892.121 
891.286 
891.548 
892.954 
893.129 
895.292 
895.43 
895.636 
896.827 
898.244 
897.447 
899.881 
901.484 
902.945 
903.88 
903.14 
903.224 
905.607 
905.05 
905.819 
908.191 
909.627 
910.599 
912.39 
915.156 
917.655 
918.886 
920.385 
920.589 
920.358 
923.942 
925.191 
926.883 
929.068 
930.589 
932.469 
933.997 
933.439 
936.208 
936.73 
938.332 
940.022 
940.976 
941.565 
940.324 
943.209 
945.028 
946.657 
948.64 
951.117 
952.052 
951.269 
951.09 
952.864 
952.696 
952.853 
954.363 
955.272 
954.954 
955.514 
954.328 
955.263 
957.656 
959.424 
959.354 
960.168 
961.544 
963.168 
962.583 
962.919 
964.928 
965.174 
965.361 
966.523 
969.019 
969.292 
971.005 
971.656 
971.58 
972.224 
973.193 
976.894 
980.665 
979.744 
979.177 
979.696 
982.362 
983.286 
983.369 
984.555 
984.925 
985.224 
986.71 
988.686 
991.561 
993.642 
996.121 
998.882 
1000.29 
999.13 
1000.97 
1002.65 
1002.64 
1005.06 
1005.83 
