0 
0 
0 
1.00911 
1.97589 
2.96153 
3.88031 
4.80576 
5.79221 
6.86067 
7.93534 
9.05588 
9.88652 
10.9779 
11.9063 
12.9095 
13.9786 
15.1151 
16.4523 
17.5482 
18.4055 
19.9186 
20.8513 
21.619 
22.7821 
23.8969 
24.8617 
25.9096 
27.3034 
28.42 
29.7132 
30.8222 
31.7165 
33.0489 
34.0343 
34.9239 
35.5296 
36.5164 
37.4497 
38.6284 
39.5011 
40.4597 
41.1945 
42.1622 
43.2363 
44.2871 
45.3849 
46.1611 
47.4769 
48.7788 
50.1828 
51.3209 
52.3492 
53.3217 
54.2337 
55.387 
56.7288 
58.139 
59.3396 
60.1454 
61.2626 
61.8968 
62.8884 
63.6988 
64.7573 
65.4641 
66.2109 
67.1832 
68.4239 
69.4384 
70.3989 
71.5678 
72.678 
73.4989 
74.726 
75.2515 
76.224 
77.0888 
77.6212 
78.4384 
79.6871 
80.1628 
81.0309 
82.0967 
83.2683 
84.4451 
85.6374 
86.5355 
87.2694 
88.3452 
89.1684 
90.0446 
91.0724 
91.8451 
92.5988 
94.2821 
94.9962 
95.6892 
97.0851 
97.5605 
98.5435 
99.9854 
101.25 
102.091 
103.117 
103.495 
105.085 
106.354 
107.519 
108.943 
110.119 
111.963 
113.785 
114.687 
115.873 
117.083 
117.964 
118.906 
119.419 
120.633 
121.442 
122.803 
123.092 
124.381 
125.548 
126.724 
127.411 
128.308 
129.111 
130.211 
131.059 
131.808 
133.434 
134.62 
135.375 
136.454 
137.369 
138.746 
139.709 
140.534 
141.236 
142.746 
144.04 
145.277 
146.453 
148.406 
149.09 
150.357 
151.149 
152.567 
153.944 
154.678 
155.464 
156.198 
157.345 
158.245 
158.862 
159.372 
161.081 
162.446 
164.052 
165.507 
166.011 
167.543 
169.466 
170.144 
170.951 
172.058 
173.152 
173.905 
174.833 
174.987 
176.638 
177.712 
179.286 
180.451 
181.728 
182.262 
182.416 
183.345 
183.495 
185.033 
186.186 
187.544 
188.662 
189.868 
190.574 
191.098 
191.778 
191.761 
192.99 
194.496 
196.281 
198.193 
199.522 
200.232 
201.13 
201.699 
201.472 
201.979 
202.594 
203.135 
203.124 
203.279 
204.251 
204.827 
206.567 
207.902 
209.551 
211.03 
211.489 
212.849 
213.68 
214.981 
216.237 
217.049 
218.968 
219.859 
221.016 
222.646 
224.241 
224.411 
225.448 
226.192 
227.907 
229.334 
230.42 
231.527 
232.821 
234.777 
235.349 
236.685 
237.608 
237.619 
238.193 
239.361 
240.472 
241.294 
242.308 
243.116 
245.123 
246.324 
247.261 
248.666 
249.938 
250.481 
251.874 
253.137 
253.388 
254.314 
255.918 
256.984 
258.094 
259.005 
259.399 
260.719 
261.885 
263.145 
263.004 
264.281 
264.394 
265.991 
266.111 
267.026 
267.988 
269.642 
269.478 
269.806 
270.944 
272.34 
273.361 
273.751 
274.444 
275.453 
277.724 
279.884 
280.029 
280.976 
280.819 
282.636 
283.46 
285.198 
286.64 
287.73 
288.886 
289.527 
290.785 
290.985 
291.159 
291.687 
292.591 
293.95 
294.4 
294.494 
295.095 
295.109 
295.748 
296.32 
296.902 
297.974 
298.902 
300.318 
302.272 
302.599 
304.631 
304.671 
306.865 
306.24 
306.395 
308.775 
309.546 
310.835 
312.152 
312.975 
313.482 
314.536 
315.027 
316.627 
317.948 
318.672 
318.452 
318.722 
319.096 
320.801 
321.015 
321.564 
322.017 
322.742 
324.057 
326.014 
327.837 
329.295 
330.542 
330.768 
332.087 
334.056 
334.473 
335.975 
337.394 
338.445 
339.03 
338.109 
339.047 
340.994 
340.867 
341.457 
342.764 
343.355 
343.412 
344.682 
345.746 
346.248 
346.133 
347.041 
348.103 
349.535 
350.793 
351.349 
353.246 
354.925 
356.374 
357.587 
358.791 
360.035 
361.913 
362.211 
363.609 
365.514 
366.585 
367.536 
369.299 
369.506 
371.975 
372.834 
373.995 
375.118 
377.115 
378.418 
378.382 
379.149 
380.498 
380.924 
381.285 
382.234 
383.923 
384.858 
386.109 
387.906 
388.279 
389.08 
390.367 
392.822 
393.418 
394.943 
395.408 
395.389 
396.907 
396.763 
396.947 
397.558 
398.792 
399.193 
401.365 
401.458 
403.14 
403.104 
404.333 
404.569 
405.615 
406.814 
407.542 
408.13 
407.851 
410.078 
411.296 
412.364 
413.425 
414.726 
415.327 
415.034 
415.886 
418.204 
418.748 
418.163 
420.17 
421.574 
422.997 
423.844 
423.763 
423.476 
424.285 
424.079 
425.806 
427.844 
428.755 
428.404 
430.003 
430.52 
431.435 
430.842 
433.194 
434.577 
436.821 
436.722 
436.851 
437.153 
436.862 
438.028 
439.881 
440.761 
442.327 
443.843 
443.678 
445.407 
447.407 
448.687 
450.926 
450.459 
450.672 
451.856 
452.686 
454.801 
455.743 
455.828 
456.468 
457.989 
458.397 
459.369 
460.453 
461.625 
462.246 
462.588 
463.783 
464.536 
465.923 
466.802 
467.909 
469.817 
470.361 
470.545 
471.469 
471.725 
471.975 
474.027 
476.509 
478.219 
479.77 
479.807 
481.203 
482.621 
482.964 
483.906 
484.747 
484.903 
486.48 
488.492 
488.383 
488.987 
489.932 
490.241 
490.502 
492.609 
493.302 
493.607 
494.623 
494.687 
495.856 
496.132 
496.909 
498.238 
499.035 
499.181 
500.958 
502.057 
502.531 
504.726 
505.032 
505.57 
505.899 
506.896 
507.39 
507.747 
508.869 
509.013 
510.295 
512.394 
513.561 
514.27 
516.863 
516.736 
517.972 
518.674 
519.605 
518.961 
519.466 
520.076 
522.024 
523.427 
524.335 
525.642 
528.767 
531.037 
532.327 
533.384 
534.243 
535.771 
537.511 
538.295 
540.466 
540.096 
541.283 
541.883 
543.371 
544.223 
545.124 
545.721 
546.638 
548.466 
548.155 
550.848 
551.058 
550.983 
550.326 
550.608 
550.394 
551.586 
553.596 
553.419 
554.851 
557.521 
559.163 
559.61 
560.501 
560.493 
561.711 
561.463 
562.292 
562.994 
563.425 
563.188 
565.319 
566.613 
567.219 
567.278 
565.778 
566.794 
565.855 
566.794 
568.783 
569.179 
569.284 
570.722 
572.393 
573.25 
574.7 
575.133 
577.934 
578.426 
579.896 
580.498 
580.6 
580.339 
582.069 
583.359 
583.859 
585.064 
585.872 
586.232 
586.643 
588.071 
587.803 
588.733 
589.33 
589.212 
591.553 
592.816 
593.079 
592.959 
594.206 
595.593 
595.093 
595.547 
598.225 
598.773 
600.819 
600.918 
600.711 
600.635 
602.868 
603.52 
603.098 
604.701 
604.846 
605.789 
606.412 
607.555 
609.53 
611.016 
612.003 
612.586 
612.302 
612.302 
612.547 
614.161 
614.608 
615.037 
616.425 
617.972 
618.417 
621.982 
622.05 
623.375 
625.494 
626.817 
627.953 
627.384 
628.819 
630.768 
631.217 
630.346 
632.277 
633.212 
634.56 
636.338 
636.6 
637.97 
639.128 
640.238 
640.834 
641.643 
642.402 
644.063 
646.125 
647.262 
650.426 
651.12 
652.141 
653.311 
652.557 
652.972 
654.87 
655.111 
654.819 
655.942 
656.785 
656.452 
657.07 
656.953 
656.936 
658.003 
659.625 
660.876 
662.524 
663.541 
665.568 
666.026 
668.827 
669.485 
670.92 
672.319 
673.563 
672.704 
672.883 
673.122 
673.565 
674.966 
677.358 
678.556 
680.159 
681.995 
681.841 
682.863 
684.802 
686.08 
687.498 
688.805 
689.77 
690.568 
690.341 
692.114 
692.979 
694.015 
695.444 
696.891 
696.594 
698.478 
697.447 
698.979 
700.491 
702.02 
702.721 
703.55 
705.374 
707.469 
709.229 
711.746 
712.284 
714.722 
717.183 
717.618 
718.227 
719.455 
720.569 
723.394 
724.958 
725.721 
726.449 
727.146 
729.779 
729.491 
728.778 
728.215 
730.081 
731.114 
730.988 
733.273 
734.162 
734.096 
736.107 
737.145 
737.849 
738.338 
738.824 
741.337 
743.7 
745.907 
745.299 
745.281 
745.961 
747.967 
747.234 
747.32 
747.495 
747.633 
748.451 
750.3 
749.86 
750.691 
751.199 
752.286 
754.212 
754.724 
757.467 
758.951 
760.201 
761.07 
760.619 
760.156 
760.375 
760.705 
761.241 
763.398 
764.216 
765.968 
767.159 
768.427 
770.353 
771.294 
773.905 
775.119 
776.681 
779.122 
779.465 
781.133 
781.617 
783.122 
785.05 
787.802 
788.214 
788.981 
790.24 
790.205 
791.53 
792.043 
794.063 
795.624 
796.106 
798.433 
798.758 
800.37 
802.661 
805.697 
806.732 
806.503 
807.296 
806.82 
807.355 
809.345 
811.313 
811.26 
811.86 
812.578 
813.116 
814.534 
814.069 
813.645 
814.366 
814.783 
815.15 
816.288 
817.225 
817.552 
819.038 
821.525 
823.691 
822.641 
822.772 
824.326 
825.316 
824.748 
826.076 
828.31 
829.883 
831.047 
831.302 
832.381 
833.803 
834.44 
835.953 
836.485 
835.713 
837.901 
839.076 
839.242 
840.341 
841.449 
843.69 
845.401 
845.123 
848.128 
850.252 
850.962 
851.511 
851.896 
853.954 
852.956 
854.291 
856.038 
856.785 
858.676 
860.073 
860.042 
862.402 
864.809 
868.037 
871.051 
871.612 
872.317 
873.374 
878.23 
877.794 
876.502 
876.975 
877.792 
878.68 
879.059 
879.611 
879.898 
883.104 
885.88 
889.283 
890.999 
889.811 
892.285 
894.125 
894.259 
894.727 
895.07 
895.445 
896.017 
896.052 
894.767 
897.597 
900.631 
901.231 
900.11 
900.38 
902.581 
903.652 
905.354 
908.034 
909.473 
911.195 
911.675 
915.587 
917.465 
919.072 
920.341 
920.15 
921.479 
921.975 
921.374 
920.298 
922.713 
923.816 
924.817 
925.832 
928.22 
927.94 
928.358 
928.508 
927.234 
926.873 
927.446 
928.632 
927.984 
929.803 
931.668 
931.794 
931.019 
932.994 
933.669 
935.474 
936.859 
938.479 
938.973 
938.626 
939.707 
939.878 
940.263 
941.967 
942.517 
941.641 
941.82 
943.618 
946.619 
946.748 
947.662 
947.957 
948.15 
948.555 
947.564 
947.903 
949.671 
950.011 
950.939 
952.611 
954.358 
955.596 
957.165 
956.674 
957.744 
958.865 
958.511 
958.331 
957.83 
959.937 
961.664 
963.559 
963.52 
961.947 
962.865 
963.371 
964.677 
965.626 
968.856 
971.256 
971.976 
975.517 
974.347 
